#GCA_000214665.1_crisprs_GCA_000214665.1_CRISPR_1 0
0 66.0
0 67.0
0 53.0
0 60.0
0 62.0
0 51.0
0 64.0
0 63.0
0 53.0
0 60.0
0 64.0
0 57.0
0 63.0
0 61.0
0 54.0
0 57.0
0 65.0
0 55.0
0 64.0
0 65.0
0 54.0
0 62.0
0 66.0
0 58.0
0 54.0
0 63.0
0 54.0
0 57.0
0 60.0
0 49.0
0 60.0
0 66.0
0 55.0
0 61.0
0 69.0
0 53.0
0 63.0
0 59.0
0 54.0
0 56.0
0 67.0
0 47.0
0 62.5
#GCA_000214665.1_crisprs_GCA_000214665.1_CRISPR_2 0
0 64.0
0 61.0
0 59.0
0 69.0
0 65.0
0 66.0
0 49.0
0 66.0
0 53.0
0 65.0
#GCA_000214665.1_crisprs_GCA_000214665.1_CRISPR_3 0
0 63.0
0 58.0
0 56.0
0 61.0
0 63.0
0 60.0
0 66.0
0 62.0
0 57.142857142857146
#GCA_000214665.1_crisprs_GCA_000214665.1_CRISPR_4 0
0 65.0
0 62.0
0 62.0
0 52.0
0 0
