#GCA_000307105.1_crisprs_GCA_000307105.1_CRISPR_1 0
0 42.0
0 30.0
0 41.0
0 37.0
0 38.0
0 39.0
0 42.0
0 42.0
0 45.0
0 46.0
0 47.0
0 40.0
0 35.0
0 32.0
0 35.0
0 33.0
0 31.0
0 38.0
0 43.0
0 50.0
0 29.0
0 37.0
0 33.0
0 39.0
0 34.0
0 39.0
0 34.0
0 33.0
0 37.0
0 40.0
0 36.0
0 35.0
0 36.0
0 43.0
0 41.0
0 41.0
0 35.0
0 33.0
0 32.0
0 34.0
0 39.0
0 40.0
0 38.0
0 39.0
0 36.0
0 0
#GCA_000307105.1_crisprs_GCA_000307105.1_CRISPR_2 0
0 38.0
0 33.0
0 35.869565217391305
#GCA_000307105.1_crisprs_GCA_000307105.1_CRISPR_3 0
0 43.0
0 43.0
0 51.0
0 51.0
0 47.0
0 42.0
0 0
