#GCA_000012885.1_crisprs_GCA_000012885.1_CRISPR_0_from_1134549__all_ 0
0 62.0
0 57.0
0 62.0
0 59.0
0 55.0
0 53.0
0 58.0
0 54.0
0 49.0
0 59.0
0 55.0
0 59.0
0 64.0
0 53.0
0 58.0
0 56.0
0 64.0
0 53.0
0 57.0
0 57.0
0 52.0
0 51.0
0 62.0
0 54.0
0 51.0
0 64.0
0 60.0
0 56.0
0 54.0
0 59.0
0 62.0
0 58.0
0 59.0
0 65.0
0 61.0
0 52.0
0 58.0
0 59.0
0 60.0
0 63.0
0 52.0
0 68.0
0 64.0
0 53.0
0 61.0
0 62.0
0 58.0
0 67.0
0 61.0
0 56.0
0 55.0
0 63.0
0 57.0
0 65.0
0 67.0
0 57.0
0 57.0
0 48.0
0 64.0
0 54.0
0 54.0
0 56.0
0 54.0
0 61.0
0 62.0
0 56.0
0 63.0
0 63.63636363636363
