#GCA_000221185.1_crisprs_GCA_000221185.1_CRISPR_0_from_131168__all_ 0
0 48.0
0 52.0
0 48.0
0 54.0
0 50.0
0 51.0
0 47.0
0 52.0
0 47.0
0 53.0
0 49.0
0 54.0
0 56.0
0 56.0
0 49.0
0 49.0
0 48.0
0 49.0
0 40.0
0 51.0
0 0
#GCA_000221185.1_crisprs_GCA_000221185.1_CRISPR_1_from_137547__all_ 0
0 45.0
0 51.0
0 50.0
0 55.0
0 49.0
0 57.0
0 51.0
0 48.0
0 48.0
0 43.0
0 48.0
0 57.0
0 51.0
0 57.0
0 54.0
0 49.0
0 41.0
0 60.0
0 46.0
0 40.0
0 48.0
0 55.0
0 51.0
0 50.0
0 47.0
0 58.62068965517241
#GCA_000221185.1_crisprs_GCA_000221185.1_CRISPR_2_from_345768__all_ 0
0 40.0
0 45.0
0 52.0
0 47.0
0 41.0
0 49.0
0 42.0
0 46.875
#GCA_000221185.1_crisprs_GCA_000221185.1_CRISPR_3_from_701929__all_ 0
0 41.0
0 46.0
0 44.0
0 50.0
0 39.0
0 42.0
0 44.0
0 39.0
0 38.0
0 43.0
0 45.0
0 53.0
0 43.0
0 49.0
0 46.0
0 47.0
0 44.0
0 46.753246753246756
#GCA_000221185.1_crisprs_GCA_000221185.1_CRISPR_4_from_1907425__all_ 0
0 46.0
0 47.0
0 41.0
0 49.0
0 49.0
0 50.0
0 42.0
0 44.776119402985074
