#GCA_000016425.1_crisprs_GCA_000016425.1_CRISPR_0_from_1116406__all_ 0
0 67.0
0 59.0
0 68.0
0 64.0
0 70.0
0 69.0
0 65.0
0 64.0
0 69.0
0 67.0
0 70.0
0 61.0
0 66.0
0 68.0
0 69.0
0 63.0
0 0
#GCA_000016425.1_crisprs_GCA_000016425.1_CRISPR_1_from_1140294__finder_ 0
0 67.0
0 67.0
0 0
#GCA_000016425.1_crisprs_GCA_000016425.1_CRISPR_2_from_1622233__crt_ml_ 0
0 67.0
0 70.0
0 71.0
0 64.0
0 88.0
0 74.0
0 69.0
0 68.0
0 68.0
0 82.95454545454545
#GCA_000016425.1_crisprs_GCA_000016425.1_CRISPR_3_from_2237967__crt_ml_ 0
0 73.0
0 73.0
0 75.0
0 76.0
0 69.0
0 0
#GCA_000016425.1_crisprs_GCA_000016425.1_CRISPR_4_from_1620310__ml_ 0
0 85.0
0 75.0
0 78.0
0 84.0
0 75.0
0 77.0
0 72.0
0 75.0
0 62.22222222222222
#GCA_000016425.1_crisprs_GCA_000016425.1_CRISPR_5_from_4121650__ml_ 0
0 70.0
0 68.0
0 71.0
0 68.0
0 69.0
0 68.0
0 66.0
0 70.0
0 75.0
