#GCA_000014865.1_crisprs_GCA_000014865.1_CRISPR_0_from_4407395__all_ 0
0 58.0
0 53.0
0 63.0
0 52.0
0 65.0
0 59.0
0 64.0
0 52.0
0 71.0
0 50.0
0 63.0
0 45.0
0 61.0
0 57.0
0 62.0
0 58.0
0 62.0
0 52.0
0 60.0
0 56.0
0 60.0
0 64.0
0 53.0
0 56.0
0 49.0
0 66.0
0 60.0
0 54.0
0 52.0
0 56.0
0 57.0
0 58.0
0 46.0
0 66.0
0 56.0
0 61.0
0 47.0
0 66.0
0 49.0
0 60.0
0 50.0
0 64.0
0 49.0
0 68.0
0 57.0
0 61.0
0 50.0
0 66.0
0 64.0
0 57.0
0 58.0
0 55.0
0 66.0
0 61.0
0 52.0
0 53.0
0 56.0
0 54.0
0 57.0
0 52.0
0 63.0
0 55.0
0 59.0
0 58.0
0 66.0
0 55.0
0 58.0
0 50.0
0 63.0
0 57.0
0 62.0
0 49.0
0 66.0
0 55.0
0 69.0
0 54.0
0 59.0
0 55.0
0 57.0
0 64.0
0 58.0
0 53.0
0 57.0
0 56.0
0 55.0
0 57.0
0 61.0
0 59.0
0 60.0
0 57.0
0 60.0
0 56.0
0 55.0
#GCA_000014865.1_crisprs_GCA_000014865.1_CRISPR_1_from_973200__ml_ 0
0 66.0
0 70.0
0 66.0
0 70.0
0 67.0
0 72.0
0 0
#GCA_000014865.1_crisprs_GCA_000014865.1_CRISPR_2_from_1797180__ml_ 0
0 59.0
0 64.0
0 60.0
0 61.0
0 62.0
0 60.0
0 56.0
0 64.0
0 59.0
0 62.0
0 63.0
0 60.0
0 62.0
0 64.0
0 58.0
0 61.42857142857143
#GCA_000014865.1_crisprs_GCA_000014865.1_CRISPR_3_from_2656410__ml_ 0
0 73.0
0 75.0
0 71.0
0 70.0
0 71.0
0 70.0
0 69.0
0 70.0
0 66.0
0 72.0
0 71.0
0 79.0
0 74.0
0 74.0
0 60.0
0 0
#GCA_000014865.1_crisprs_GCA_000014865.1_CRISPR_4_from_4528410__ml_ 0
0 55.0
0 54.0
0 53.0
0 56.0
0 54.0
0 57.0
0 55.0
0 57.0
0 50.0
