#GCA_000011185.1_crisprs_GCA_000011185.1_CRISPR_1 0
0 34.0
0 38.0
0 37.0
0 46.0
0 33.0
0 39.0
0 33.0
0 39.0
0 37.0
0 37.0
0 38.0
0 41.0
0 33.333333333333336
#GCA_000011185.1_crisprs_GCA_000011185.1_CRISPR_2 0
0 37.0
0 35.0
0 35.0
0 38.0
0 45.0
0 37.0
0 37.0
0 33.0
0 39.0
0 35.0
0 28.0
0 0
#GCA_000012885.1_crisprs_GCA_000012885.1_CRISPR_1 0
0 62.0
0 57.0
0 62.0
0 59.0
0 55.0
0 53.0
0 58.0
0 54.0
0 49.0
0 59.0
0 55.0
0 59.0
0 64.0
0 53.0
0 58.0
0 56.0
0 64.0
0 53.0
0 57.0
0 57.0
0 52.0
0 51.0
0 62.0
0 54.0
0 51.0
0 64.0
0 60.0
0 56.0
0 54.0
0 59.0
0 62.0
0 58.0
0 59.0
0 65.0
0 61.0
0 52.0
0 58.0
0 59.0
0 60.0
0 63.0
0 52.0
0 68.0
0 64.0
0 53.0
0 61.0
0 62.0
0 58.0
0 67.0
0 61.0
0 56.0
0 55.0
0 63.0
0 57.0
0 65.0
0 67.0
0 57.0
0 57.0
0 48.0
0 64.0
0 54.0
0 54.0
0 56.0
0 54.0
0 61.0
0 62.0
0 56.0
0 63.0
0 63.63636363636363
#GCA_000012985.1_crisprs_GCA_000012985.1_CRISPR_1 0
0 62.0
0 61.0
0 60.0
0 58.0
0 60.0
0 51.0
0 56.0
0 65.0
0 62.0
0 64.0
0 59.0
0 53.0
0 56.0
0 59.0
0 56.0
0 59.0
0 58.0
0 62.0
0 61.0
0 60.0
0 61.0
0 0
#GCA_000012985.1_crisprs_GCA_000012985.1_CRISPR_2 0
0 61.0
0 46.0
0 59.0
0 58.0
0 61.0
0 50.0
0 62.0
0 56.0
0 63.0
0 51.0
0 58.0
0 45.0
0 54.0
0 56.0
0 51.0
0 58.0
0 55.0
0 60.0
0 58.0
0 54.0
0 53.0
0 66.0
0 51.0
0 56.0
0 48.0
0 57.0
0 56.0
0 61.0
0 48.0
0 63.0
0 58.0
0 60.0
0 52.0
0 57.0
0 49.0
0 56.0
0 51.42857142857143
#GCA_000014865.1_crisprs_GCA_000014865.1_CRISPR_1 0
0 58.0
0 53.0
0 63.0
0 52.0
0 65.0
0 59.0
0 64.0
0 52.0
0 71.0
0 50.0
0 63.0
0 45.0
0 61.0
0 57.0
0 62.0
0 58.0
0 62.0
0 52.0
0 60.0
0 56.0
0 60.0
0 64.0
0 53.0
0 56.0
0 49.0
0 66.0
0 60.0
0 54.0
0 52.0
0 56.0
0 57.0
0 58.0
0 46.0
0 66.0
0 56.0
0 61.0
0 47.0
0 66.0
0 49.0
0 60.0
0 50.0
0 64.0
0 49.0
0 68.0
0 57.0
0 61.0
0 50.0
0 66.0
0 64.0
0 57.0
0 58.0
0 55.0
0 66.0
0 61.0
0 52.0
0 53.0
0 56.0
0 54.0
0 57.0
0 52.0
0 63.0
0 55.0
0 59.0
0 58.0
0 66.0
0 55.0
0 58.0
0 50.0
0 63.0
0 57.0
0 62.0
0 49.0
0 66.0
0 55.0
0 69.0
0 54.0
0 59.0
0 55.0
0 57.0
0 64.0
0 58.0
0 53.0
0 57.0
0 56.0
0 55.0
0 57.0
0 61.0
0 59.0
0 60.0
0 57.0
0 60.0
0 56.0
0 55.0
#GCA_000014885.1_crisprs_GCA_000014885.1_CRISPR_1 0
0 54.0
0 43.0
0 0
#GCA_000015145.1_crisprs_GCA_000015145.1_CRISPR_1 0
0 43.0
0 49.0
0 47.0
0 52.0
0 46.0
0 48.0
0 52.0
0 46.0
0 44.0
0 45.0
0 48.0
0 37.0
0 54.0
0 45.0
0 53.0
0 41.0
0 52.0
0 37.0
0 39.0
0 49.0
0 48.0
0 47.0
0 51.0
0 49.0
0 48.0
0 41.0
0 50.0
0 37.0
0 46.0
0 44.0
0 45.0
0 50.0
0 38.0
0 0
#GCA_000015145.1_crisprs_GCA_000015145.1_CRISPR_2 0
0 49.0
0 38.0
0 45.0
0 53.0
0 43.0
0 47.0
0 47.0
0 49.0
0 44.0
0 46.0
0 45.0
0 43.0
0 46.0
0 44.0
0 48.0
0 43.0
0 41.0
0 49.0
0 49.0
0 46.0
0 47.0
0 49.0
0 46.0
0 37.0
0 49.0
0 42.0
0 39.0
0 50.0
0 46.0
0 48.0
0 44.0
0 41.46341463414634
#GCA_000016425.1_crisprs_GCA_000016425.1_CRISPR_1 0
0 67.0
0 59.0
0 68.0
0 64.0
0 70.0
0 69.0
0 65.0
0 64.0
0 69.0
0 67.0
0 70.0
0 61.0
0 66.0
0 68.0
0 69.0
0 63.0
0 0
#GCA_000016425.1_crisprs_GCA_000016425.1_CRISPR_2 0
0 67.0
0 67.0
0 0
#GCA_000020525.1_crisprs_GCA_000020525.1_CRISPR_1 0
0 37.0
0 41.0
0 34.0
0 43.0
0 33.0
0 30.0
0 30.0
0 25.0
0 37.0
0 49.0
0 43.0
0 44.0
0 35.0
0 36.0
0 38.0
0 36.0
0 37.0
0 42.0
0 38.0
0 44.0
0 36.0
0 36.0
0 41.0
0 42.0
0 43.0
0 33.0
0 37.0
0 34.0
0 43.0
0 36.0
0 45.0
0 40.0
0 39.0
0 37.0
0 35.0
0 38.0
0 38.0
0 32.0
0 38.0
0 37.0
0 37.0
0 38.0
0 35.0
0 43.0
0 41.0
0 37.0
0 41.0
0 38.0
0 33.0
0 38.0
0 41.0
0 32.0
0 37.0
0 41.0
0 46.0
0 43.0
0 36.0
0 33.0
0 35.0
0 37.0
0 25.0
0 35.0
0 32.0
0 36.0
0 36.0
0 37.0
0 32.0
0 46.0
0 37.0
0 41.0
0 39.0
0 39.0
0 43.0
0 42.0
0 40.0
0 44.0
0 38.0
0 40.0
0 37.0
0 50.0
0 53.0
0 51.0
0 35.0
0 36.0
0 31.0
0 44.0
0 39.0
0 47.0
0 44.0
0 48.0
0 35.0
0 35.0
0 41.0
0 39.0
0 42.0
0 44.0
0 35.0
0 33.0
0 30.0
0 37.0
0 39.0
0 38.0
0 37.0
0 37.0
0 38.0
0 50.0
0 0
#GCA_000020525.1_crisprs_GCA_000020525.1_CRISPR_2 0
0 32.0
0 36.0
0 45.0
0 36.0
0 35.0
0 39.0
0 38.0
0 34.0
0 36.0
0 38.0
0 31.0
0 41.0
0 37.0
0 38.0
0 37.0
0 35.0
0 40.0
0 47.0
0 31.0
0 43.0
0 40.0
0 36.0
0 43.0
0 40.0
0 38.0
0 44.0
0 50.0
0 39.0
0 43.0
0 46.0
0 46.0
0 38.0
0 38.0
0 35.0
0 37.0
0 38.0
0 34.0
0 36.0
0 38.0
0 34.0
0 27.0
0 38.0
0 42.0
0 44.0
0 37.0
0 39.0
0 53.0
0 37.0
0 48.0
0 40.0
0 38.0
0 48.0
0 42.0
0 43.0
0 37.0
0 33.0
0 34.0
0 38.0
0 44.0
0 35.0
0 36.0
0 42.0
0 41.0
0 41.0
0 0
#GCA_000192865.1_crisprs_GCA_000192865.1_CRISPR_1 0
0 53.0
0 49.0
0 50.0
0 48.0
0 53.0
0 48.0
0 49.0
0 52.0
0 48.0
0 52.0
0 52.0
0 58.0
0 48.0
0 54.0
0 44.0
0 49.0
0 55.0
0 47.0
0 56.0
0 51.0
0 53.0
0 55.0
0 43.0
0 49.0
0 58.0
0 52.0
0 55.0
0 50.0
0 50.0
0 44.0
0 54.0
0 52.0
0 43.0
0 53.0
0 49.0
0 43.0
0 47.0
0 42.0
0 52.0
0 50.0
0 51.0
0 45.283018867924525
#GCA_000192865.1_crisprs_GCA_000192865.1_CRISPR_2 0
0 59.0
0 46.0
0 53.0
0 53.0
0 48.0
0 58.16326530612245
#GCA_000192865.1_crisprs_GCA_000192865.1_CRISPR_3 0
0 50.0
0 53.0
0 45.0
0 61.0
0 51.0
0 46.0
0 49.0
0 48.0
0 46.0
0 48.0
0 41.0
0 50.0
0 45.0
0 50.0
0 43.0
0 55.0
0 47.0
0 58.0
0 43.0
0 49.0
0 45.0
0 54.0
0 45.0
0 45.0
0 49.0
0 45.0
0 47.0
0 46.0
0 47.0
0 43.0
0 45.0
0 0
#GCA_000192865.1_crisprs_GCA_000192865.1_CRISPR_4 0
0 51.0
0 53.0
0 43.0
0 53.0
0 52.0
0 42.0
0 49.0
0 44.0
0 53.0
0 51.0
0 51.0
0 50.0
0 52.0
0 50.0
0 55.0
0 54.0
0 55.0
0 39.0
0 47.0
0 50.0
0 49.0
0 52.0
0 0
#GCA_000192865.1_crisprs_GCA_000192865.1_CRISPR_5 0
0 56.0
0 0
#GCA_000195335.1_crisprs_GCA_000195335.1_CRISPR_1 0
0 51.0
0 51.0
0 50.0
0 54.0
0 49.0
0 55.0
0 46.0
0 47.0
0 43.0
0 65.0
0 47.0
0 62.0
0 49.0
0 47.0
0 46.0
0 54.0
0 49.0
0 50.0
0 0
#GCA_000195335.1_crisprs_GCA_000195335.1_CRISPR_2 0
0 71.0
0 65.0
0 62.0
0 72.0
0 69.0
0 66.0
0 54.0
0 58.0
0 70.0
0 64.0
0 66.0
0 66.0
0 52.0
0 72.0
0 70.0
0 61.0
0 66.0
0 63.0
0 65.0
0 65.0
0 67.0
0 64.0
0 66.0
0 62.0
0 68.0
0 62.0
0 66.0
0 67.0
0 68.0
0 66.0
0 67.0
0 70.0
0 64.0
0 60.0
0 65.45454545454545
#GCA_000195335.1_crisprs_GCA_000195335.1_CRISPR_3 0
0 65.0
0 63.0
0 62.0
0 57.0
0 73.0
0 66.0
0 70.0
0 57.0
0 61.0
0 61.0
0 67.0
0 63.0
0 67.0
0 67.0
0 67.0
0 63.0
0 66.0
0 65.0
0 69.0
0 66.0
0 59.0
0 54.0
0 61.0
0 65.0
0 70.0
0 65.0
0 65.0
0 60.0
0 59.0
0 63.0
0 69.0
0 63.0
0 69.0
0 57.0
0 0
#GCA_000195335.1_crisprs_GCA_000195335.1_CRISPR_4 0
0 48.0
0 60.0
0 55.0
0 61.0
0 58.0
0 61.0
0 56.0
0 57.0
0 47.0
0 46.0
0 55.0
0 54.0
0 51.0
0 50.0
0 58.0
0 50.0
0 51.0
0 54.0
0 0
#GCA_000211475.1_crisprs_GCA_000211475.1_CRISPR_1 0
0 46.0
0 45.0
0 45.0
0 52.0
0 36.0
0 50.0
0 32.0
0 54.0
0 49.0
0 49.0
0 48.0
0 45.0
0 37.0
0 44.0
0 36.0
0 49.0
0 34.0
0 49.0
0 45.0
0 44.0
0 35.0
0 40.0
0 47.0
0 44.0
0 38.0
0 46.0
0 44.0
0 49.0
0 40.0
0 38.0
0 36.0
0 36.0
0 32.0
0 36.0
0 39.0
0 43.0
0 48.0
0 44.0
0 47.0
0 35.0
0 42.0
0 40.0
0 51.0
0 30.0
0 43.0
0 35.0
0 45.0
0 37.0
0 38.0
0 33.0
0 40.0
0 40.0
0 40.0
#GCA_000211475.1_crisprs_GCA_000211475.1_CRISPR_2 0
0 38.0
0 46.0
0 31.0
0 34.0
0 34.0
0 46.0
0 34.0
0 54.0
0 37.0
0 51.0
0 35.0
0 41.0
0 31.0
0 44.0
0 37.0
0 38.0
0 26.0
0 40.0
0 33.0
0 48.0
0 36.0
0 37.0
0 27.0
0 48.0
0 37.0
0 38.0
0 30.0
0 37.0
0 38.0
0 33.0
0 42.0
0 37.0
0 42.0
0 44.0
0 49.0
0 40.0
0 34.0
0 28.0
0 45.0
0 30.0
0 39.0
0 32.0
0 48.0
0 34.0
0 35.0
0 40.0
0 38.0
0 36.0
0 39.0
0 33.0
0 46.0
0 35.0
0 37.0
0 30.0
0 41.0
0 34.0
0 34.0
0 0
#GCA_000214665.1_crisprs_GCA_000214665.1_CRISPR_1 0
0 66.0
0 67.0
0 53.0
0 60.0
0 62.0
0 51.0
0 64.0
0 63.0
0 53.0
0 60.0
0 64.0
0 57.0
0 63.0
0 61.0
0 54.0
0 57.0
0 65.0
0 55.0
0 64.0
0 65.0
0 54.0
0 62.0
0 66.0
0 58.0
0 54.0
0 63.0
0 54.0
0 57.0
0 60.0
0 49.0
0 60.0
0 66.0
0 55.0
0 61.0
0 69.0
0 53.0
0 63.0
0 59.0
0 54.0
0 56.0
0 67.0
0 47.0
0 62.5
#GCA_000214665.1_crisprs_GCA_000214665.1_CRISPR_2 0
0 64.0
0 61.0
0 59.0
0 69.0
0 65.0
0 66.0
0 49.0
0 66.0
0 53.0
0 65.0
#GCA_000214665.1_crisprs_GCA_000214665.1_CRISPR_3 0
0 63.0
0 58.0
0 56.0
0 61.0
0 63.0
0 60.0
0 66.0
0 62.0
0 57.142857142857146
#GCA_000214665.1_crisprs_GCA_000214665.1_CRISPR_4 0
0 65.0
0 62.0
0 62.0
0 52.0
0 0
#GCA_000221185.1_crisprs_GCA_000221185.1_CRISPR_1 0
0 48.0
0 52.0
0 48.0
0 54.0
0 50.0
0 51.0
0 47.0
0 52.0
0 47.0
0 53.0
0 49.0
0 54.0
0 56.0
0 56.0
0 49.0
0 49.0
0 48.0
0 49.0
0 40.0
0 51.0
0 0
#GCA_000221185.1_crisprs_GCA_000221185.1_CRISPR_2 0
0 45.0
0 51.0
0 50.0
0 55.0
0 49.0
0 57.0
0 51.0
0 48.0
0 48.0
0 43.0
0 48.0
0 57.0
0 51.0
0 57.0
0 54.0
0 49.0
0 41.0
0 60.0
0 46.0
0 40.0
0 48.0
0 55.0
0 51.0
0 50.0
0 47.0
0 58.62068965517241
#GCA_000221185.1_crisprs_GCA_000221185.1_CRISPR_3 0
0 40.0
0 45.0
0 52.0
0 47.0
0 41.0
0 49.0
0 42.0
0 46.875
#GCA_000221185.1_crisprs_GCA_000221185.1_CRISPR_4 0
0 41.0
0 46.0
0 44.0
0 50.0
0 39.0
0 42.0
0 44.0
0 39.0
0 38.0
0 43.0
0 45.0
0 53.0
0 43.0
0 49.0
0 46.0
0 47.0
0 44.0
0 46.753246753246756
#GCA_000221185.1_crisprs_GCA_000221185.1_CRISPR_5 0
0 46.0
0 47.0
0 41.0
0 49.0
0 49.0
0 50.0
0 42.0
0 44.776119402985074
#GCA_000307105.1_crisprs_GCA_000307105.1_CRISPR_1 0
0 42.0
0 30.0
0 41.0
0 37.0
0 38.0
0 39.0
0 42.0
0 42.0
0 45.0
0 46.0
0 47.0
0 40.0
0 35.0
0 32.0
0 35.0
0 33.0
0 31.0
0 38.0
0 43.0
0 50.0
0 29.0
0 37.0
0 33.0
0 39.0
0 34.0
0 39.0
0 34.0
0 33.0
0 37.0
0 40.0
0 36.0
0 35.0
0 36.0
0 43.0
0 41.0
0 41.0
0 35.0
0 33.0
0 32.0
0 34.0
0 39.0
0 40.0
0 38.0
0 39.0
0 36.0
0 0
#GCA_000307105.1_crisprs_GCA_000307105.1_CRISPR_2 0
0 38.0
0 33.0
0 35.869565217391305
#GCA_000307105.1_crisprs_GCA_000307105.1_CRISPR_3 0
0 43.0
0 43.0
0 51.0
0 51.0
0 47.0
0 42.0
0 0
#GCA_000591035.1_crisprs_GCA_000591035.1_CRISPR_1 0
0 48.0
0 56.0
0 52.0
0 41.0
0 55.0
0 41.0
0 48.0
0 57.0
0 52.0
0 55.0
0 55.0
0 51.515151515151516
#GCA_000591035.1_crisprs_GCA_000591035.1_CRISPR_2 0
0 48.0
0 53.0
0 46.0
0 44.0
0 37.0
0 39.0
0 39.0
0 57.0
0 41.0
0 45.0
0 0
#GCA_000591035.1_crisprs_GCA_000591035.1_CRISPR_3 0
0 42.0
0 53.0
0 47.0
0 45.0
0 41.0
0 40.0
0 54.0
0 54.0
0 54.0
0 43.0
0 54.0
0 48.0
0 58.0
0 54.0
0 56.0
0 49.0
0 63.0
0 41.0
0 50.0
0 51.0
0 64.0
0 47.72727272727273
#GCA_000591035.1_crisprs_GCA_000591035.1_CRISPR_4 0
0 49.0
0 51.0
0 0
#GCA_000626635.1_crisprs_GCA_000626635.1_CRISPR_1 0
0 30.0
0 43.0
0 27.551020408163264
#GCA_000725425.1_crisprs_GCA_000725425.1_CRISPR_1 0
0 31.0
0 33.0
0 34.0
0 43.0
0 37.0
0 38.0
0 33.0
0 38.0
0 34.0
0 42.0
0 43.0
0 43.0
0 39.0
0 34.0
0 41.0
0 30.0
0 31.0
0 43.0
0 34.0
0 42.0
0 35.0
0 40.0
0 37.0
0 44.0
0 37.0
0 31.0
0 29.0
0 41.0
0 36.0
0 41.0
0 37.0
0 36.0
0 34.0
0 41.0
0 0
#GCA_000725425.1_crisprs_GCA_000725425.1_CRISPR_2 0
0 36.0
0 47.0
0 37.0
0 42.0
0 31.0
0 45.0
0 33.0
0 28.0
0 33.0
0 37.0
0 37.0
0 33.0
0 30.0
0 30.0
0 31.0
0 34.0
0 37.0
0 39.473684210526315
#GCA_000725425.1_crisprs_GCA_000725425.1_CRISPR_3 0
0 34.0
0 43.0
0 35.0
0 34.0
0 34.0
0 37.0
0 30.0
0 35.0
0 34.0
0 40.0
0 32.0
0 38.0
0 32.0
0 40.0
0 32.0
0 31.0
0 28.0
0 46.0
0 37.0
0 38.0
0 33.68421052631579
