#GCA_000015145.1_crisprs_GCA_000015145.1_CRISPR_1 0
0 43.0
0 49.0
0 47.0
0 52.0
0 46.0
0 48.0
0 52.0
0 46.0
0 44.0
0 45.0
0 48.0
0 37.0
0 54.0
0 45.0
0 53.0
0 41.0
0 52.0
0 37.0
0 39.0
0 49.0
0 48.0
0 47.0
0 51.0
0 49.0
0 48.0
0 41.0
0 50.0
0 37.0
0 46.0
0 44.0
0 45.0
0 50.0
0 38.0
0 0
#GCA_000015145.1_crisprs_GCA_000015145.1_CRISPR_2 0
0 49.0
0 38.0
0 45.0
0 53.0
0 43.0
0 47.0
0 47.0
0 49.0
0 44.0
0 46.0
0 45.0
0 43.0
0 46.0
0 44.0
0 48.0
0 43.0
0 41.0
0 49.0
0 49.0
0 46.0
0 47.0
0 49.0
0 46.0
0 37.0
0 49.0
0 42.0
0 39.0
0 50.0
0 46.0
0 48.0
0 44.0
0 41.46341463414634
