#GCA_000591035.1_crisprs_GCA_000591035.1_CRISPR_1 0
0 48.0
0 56.0
0 52.0
0 41.0
0 55.0
0 41.0
0 48.0
0 57.0
0 52.0
0 55.0
0 55.0
0 51.515151515151516
#GCA_000591035.1_crisprs_GCA_000591035.1_CRISPR_2 0
0 48.0
0 53.0
0 46.0
0 44.0
0 37.0
0 39.0
0 39.0
0 57.0
0 41.0
0 45.0
0 0
#GCA_000591035.1_crisprs_GCA_000591035.1_CRISPR_3 0
0 42.0
0 53.0
0 47.0
0 45.0
0 41.0
0 40.0
0 54.0
0 54.0
0 54.0
0 43.0
0 54.0
0 48.0
0 58.0
0 54.0
0 56.0
0 49.0
0 63.0
0 41.0
0 50.0
0 51.0
0 64.0
0 47.72727272727273
#GCA_000591035.1_crisprs_GCA_000591035.1_CRISPR_4 0
0 49.0
0 51.0
0 0
