#GCA_000473245.1_crisprs_GCA_000473245.1_CRISPR_0_from_2720828__crt_ 0
0 50.0
0 48.0
0 54.0
0 0
#GCA_000473245.1_crisprs_GCA_000473245.1_CRISPR_1_from_4678458__crt_ 0
0 54.0
0 54.0
0 54.0
0 50.0
0 49.0
0 51.0
0 56.0
0 53.0
0 0
#GCA_000473245.1_crisprs_GCA_000473245.1_CRISPR_2_from_2119200__ml_ 0
0 59.0
0 58.0
0 56.0
0 60.0
0 67.0
0 60.0
0 62.0
0 65.0
0 62.0
0 61.0
0 63.0
0 65.0
0 63.0
0 62.0
0 62.0
0 61.0
0 64.0
0 64.0
0 59.0
0 64.0
0 64.0
0 63.0
0 65.0
0 59.0
0 64.0
0 64.0
0 63.0
0 62.0
0 63.0
0 61.0
0 51.0
0 0
#GCA_000473245.1_crisprs_GCA_000473245.1_CRISPR_3_from_2134210__ml_ 0
0 63.0
0 64.0
0 65.0
0 66.0
0 60.0
0 63.0
0 60.0
0 51.0
0 0
