#GCA_000192865.1_crisprs_GCA_000192865.1_CRISPR_0_from_693937__all_ 0
0 53.0
0 49.0
0 50.0
0 48.0
0 53.0
0 48.0
0 49.0
0 52.0
0 48.0
0 52.0
0 52.0
0 58.0
0 48.0
0 54.0
0 44.0
0 49.0
0 55.0
0 47.0
0 56.0
0 51.0
0 53.0
0 55.0
0 43.0
0 49.0
0 58.0
0 52.0
0 55.0
0 50.0
0 50.0
0 44.0
0 54.0
0 52.0
0 43.0
0 53.0
0 49.0
0 43.0
0 47.0
0 42.0
0 52.0
0 50.0
0 51.0
0 45.283018867924525
#GCA_000192865.1_crisprs_GCA_000192865.1_CRISPR_1_from_710346__all_ 0
0 59.0
0 46.0
0 53.0
0 53.0
0 48.0
0 58.16326530612245
#GCA_000192865.1_crisprs_GCA_000192865.1_CRISPR_2_from_3643810__all_ 0
0 50.0
0 53.0
0 45.0
0 61.0
0 51.0
0 46.0
0 49.0
0 48.0
0 46.0
0 48.0
0 41.0
0 50.0
0 45.0
0 50.0
0 43.0
0 55.0
0 47.0
0 58.0
0 43.0
0 49.0
0 45.0
0 54.0
0 45.0
0 45.0
0 49.0
0 45.0
0 47.0
0 46.0
0 47.0
0 43.0
0 45.0
0 0
#GCA_000192865.1_crisprs_GCA_000192865.1_CRISPR_3_from_3896421__all_ 0
0 51.0
0 53.0
0 43.0
0 53.0
0 52.0
0 42.0
0 49.0
0 44.0
0 53.0
0 51.0
0 51.0
0 50.0
0 52.0
0 50.0
0 55.0
0 54.0
0 55.0
0 39.0
0 47.0
0 50.0
0 49.0
0 52.0
0 0
