#GCA_000011185.1_crisprs_GCA_000011185.1_CRISPR_0_from_109188__all_ 0
0 34.0
0 38.0
0 37.0
0 46.0
0 33.0
0 39.0
0 33.0
0 39.0
0 37.0
0 37.0
0 38.0
0 41.0
0 33.333333333333336
#GCA_000011185.1_crisprs_GCA_000011185.1_CRISPR_1_from_121470__all_ 0
0 37.0
0 35.0
0 35.0
0 38.0
0 45.0
0 37.0
0 37.0
0 33.0
0 39.0
0 35.0
0 28.0
0 0
#GCA_000012325.1_crisprs_GCA_000012325.1_CRISPR_0_from_3967485__crt_ 0
0 41.0
0 40.0
0 39.0
0 41.0
0 42.0
0 39.0
0 40.0
0 45.0
0 45.0
0 0
#GCA_000012885.1_crisprs_GCA_000012885.1_CRISPR_0_from_1134549__all_ 0
0 62.0
0 57.0
0 62.0
0 59.0
0 55.0
0 53.0
0 58.0
0 54.0
0 49.0
0 59.0
0 55.0
0 59.0
0 64.0
0 53.0
0 58.0
0 56.0
0 64.0
0 53.0
0 57.0
0 57.0
0 52.0
0 51.0
0 62.0
0 54.0
0 51.0
0 64.0
0 60.0
0 56.0
0 54.0
0 59.0
0 62.0
0 58.0
0 59.0
0 65.0
0 61.0
0 52.0
0 58.0
0 59.0
0 60.0
0 63.0
0 52.0
0 68.0
0 64.0
0 53.0
0 61.0
0 62.0
0 58.0
0 67.0
0 61.0
0 56.0
0 55.0
0 63.0
0 57.0
0 65.0
0 67.0
0 57.0
0 57.0
0 48.0
0 64.0
0 54.0
0 54.0
0 56.0
0 54.0
0 61.0
0 62.0
0 56.0
0 63.0
0 63.63636363636363
#GCA_000012985.1_crisprs_GCA_000012985.1_CRISPR_0_from_2905515__all_ 0
0 62.0
0 61.0
0 60.0
0 58.0
0 60.0
0 51.0
0 56.0
0 65.0
0 62.0
0 64.0
0 59.0
0 53.0
0 56.0
0 59.0
0 56.0
0 59.0
0 58.0
0 62.0
0 61.0
0 60.0
0 61.0
0 0
#GCA_000012985.1_crisprs_GCA_000012985.1_CRISPR_1_from_2917501__all_ 0
0 61.0
0 46.0
0 59.0
0 58.0
0 61.0
0 50.0
0 62.0
0 56.0
0 63.0
0 51.0
0 58.0
0 45.0
0 54.0
0 56.0
0 51.0
0 58.0
0 55.0
0 60.0
0 58.0
0 54.0
0 53.0
0 66.0
0 51.0
0 56.0
0 48.0
0 57.0
0 56.0
0 61.0
0 48.0
0 63.0
0 58.0
0 60.0
0 52.0
0 57.0
0 49.0
0 56.0
0 51.42857142857143
#GCA_000014865.1_crisprs_GCA_000014865.1_CRISPR_0_from_4407395__all_ 0
0 58.0
0 53.0
0 63.0
0 52.0
0 65.0
0 59.0
0 64.0
0 52.0
0 71.0
0 50.0
0 63.0
0 45.0
0 61.0
0 57.0
0 62.0
0 58.0
0 62.0
0 52.0
0 60.0
0 56.0
0 60.0
0 64.0
0 53.0
0 56.0
0 49.0
0 66.0
0 60.0
0 54.0
0 52.0
0 56.0
0 57.0
0 58.0
0 46.0
0 66.0
0 56.0
0 61.0
0 47.0
0 66.0
0 49.0
0 60.0
0 50.0
0 64.0
0 49.0
0 68.0
0 57.0
0 61.0
0 50.0
0 66.0
0 64.0
0 57.0
0 58.0
0 55.0
0 66.0
0 61.0
0 52.0
0 53.0
0 56.0
0 54.0
0 57.0
0 52.0
0 63.0
0 55.0
0 59.0
0 58.0
0 66.0
0 55.0
0 58.0
0 50.0
0 63.0
0 57.0
0 62.0
0 49.0
0 66.0
0 55.0
0 69.0
0 54.0
0 59.0
0 55.0
0 57.0
0 64.0
0 58.0
0 53.0
0 57.0
0 56.0
0 55.0
0 57.0
0 61.0
0 59.0
0 60.0
0 57.0
0 60.0
0 56.0
0 55.0
#GCA_000014865.1_crisprs_GCA_000014865.1_CRISPR_1_from_973200__ml_ 0
0 66.0
0 70.0
0 66.0
0 70.0
0 67.0
0 72.0
0 0
#GCA_000014865.1_crisprs_GCA_000014865.1_CRISPR_2_from_1797180__ml_ 0
0 59.0
0 64.0
0 60.0
0 61.0
0 62.0
0 60.0
0 56.0
0 64.0
0 59.0
0 62.0
0 63.0
0 60.0
0 62.0
0 64.0
0 58.0
0 61.42857142857143
#GCA_000014865.1_crisprs_GCA_000014865.1_CRISPR_3_from_2656410__ml_ 0
0 73.0
0 75.0
0 71.0
0 70.0
0 71.0
0 70.0
0 69.0
0 70.0
0 66.0
0 72.0
0 71.0
0 79.0
0 74.0
0 74.0
0 60.0
0 0
#GCA_000014865.1_crisprs_GCA_000014865.1_CRISPR_4_from_4528410__ml_ 0
0 55.0
0 54.0
0 53.0
0 56.0
0 54.0
0 57.0
0 55.0
0 57.0
0 50.0
#GCA_000014885.1_crisprs_GCA_000014885.1_CRISPR_0_from_1020817__finder_ 0
0 54.0
0 43.0
0 0
#GCA_000015145.1_crisprs_GCA_000015145.1_CRISPR_0_from_632553__all_ 0
0 43.0
0 49.0
0 47.0
0 52.0
0 46.0
0 48.0
0 52.0
0 46.0
0 44.0
0 45.0
0 48.0
0 37.0
0 54.0
0 45.0
0 53.0
0 41.0
0 52.0
0 37.0
0 39.0
0 49.0
0 48.0
0 47.0
0 51.0
0 49.0
0 48.0
0 41.0
0 50.0
0 37.0
0 46.0
0 44.0
0 45.0
0 50.0
0 38.0
0 0
#GCA_000015145.1_crisprs_GCA_000015145.1_CRISPR_1_from_702374__all_ 0
0 49.0
0 38.0
0 45.0
0 53.0
0 43.0
0 47.0
0 47.0
0 49.0
0 44.0
0 46.0
0 45.0
0 43.0
0 46.0
0 44.0
0 48.0
0 43.0
0 41.0
0 49.0
0 49.0
0 46.0
0 47.0
0 49.0
0 46.0
0 37.0
0 49.0
0 42.0
0 39.0
0 50.0
0 46.0
0 48.0
0 44.0
0 41.46341463414634
#GCA_000016425.1_crisprs_GCA_000016425.1_CRISPR_0_from_1116406__all_ 0
0 67.0
0 59.0
0 68.0
0 64.0
0 70.0
0 69.0
0 65.0
0 64.0
0 69.0
0 67.0
0 70.0
0 61.0
0 66.0
0 68.0
0 69.0
0 63.0
0 0
#GCA_000016425.1_crisprs_GCA_000016425.1_CRISPR_1_from_1140294__finder_ 0
0 67.0
0 67.0
0 0
#GCA_000016425.1_crisprs_GCA_000016425.1_CRISPR_2_from_1622233__crt_ml_ 0
0 67.0
0 70.0
0 71.0
0 64.0
0 88.0
0 74.0
0 69.0
0 68.0
0 68.0
0 82.95454545454545
#GCA_000016425.1_crisprs_GCA_000016425.1_CRISPR_3_from_2237967__crt_ml_ 0
0 73.0
0 73.0
0 75.0
0 76.0
0 69.0
0 0
#GCA_000016425.1_crisprs_GCA_000016425.1_CRISPR_4_from_1620310__ml_ 0
0 85.0
0 75.0
0 78.0
0 84.0
0 75.0
0 77.0
0 72.0
0 75.0
0 62.22222222222222
#GCA_000016425.1_crisprs_GCA_000016425.1_CRISPR_5_from_4121650__ml_ 0
0 70.0
0 68.0
0 71.0
0 68.0
0 69.0
0 68.0
0 66.0
0 70.0
0 75.0
#GCA_000019185.1_crisprs_GCA_000019185.1_CRISPR_0_from_1777670__ml_ 0
0 52.0
0 51.0
0 46.0
0 52.0
0 52.0
0 46.0
0 47.0
#GCA_000020525.1_crisprs_GCA_000020525.1_CRISPR_0_from_2683900__all_ 0
0 37.0
0 41.0
0 34.0
0 43.0
0 33.0
0 30.0
0 30.0
0 25.0
0 37.0
0 49.0
0 43.0
0 44.0
0 35.0
0 36.0
0 38.0
0 36.0
0 37.0
0 42.0
0 38.0
0 44.0
0 36.0
0 36.0
0 41.0
0 42.0
0 43.0
0 33.0
0 37.0
0 34.0
0 43.0
0 36.0
0 45.0
0 40.0
0 39.0
0 37.0
0 35.0
0 38.0
0 38.0
0 32.0
0 38.0
0 37.0
0 37.0
0 38.0
0 35.0
0 43.0
0 41.0
0 37.0
0 41.0
0 38.0
0 33.0
0 38.0
0 41.0
0 32.0
0 37.0
0 41.0
0 46.0
0 43.0
0 36.0
0 33.0
0 35.0
0 37.0
0 25.0
0 35.0
0 32.0
0 36.0
0 36.0
0 37.0
0 32.0
0 46.0
0 37.0
0 41.0
0 39.0
0 39.0
0 43.0
0 42.0
0 40.0
0 44.0
0 38.0
0 40.0
0 37.0
0 50.0
0 53.0
0 51.0
0 35.0
0 36.0
0 31.0
0 44.0
0 39.0
0 47.0
0 44.0
0 48.0
0 35.0
0 35.0
0 41.0
0 39.0
0 42.0
0 44.0
0 35.0
0 33.0
0 30.0
0 37.0
0 39.0
0 38.0
0 37.0
0 37.0
0 38.0
0 50.0
0 0
#GCA_000020525.1_crisprs_GCA_000020525.1_CRISPR_1_from_2813147__all_ 0
0 32.0
0 36.0
0 45.0
0 36.0
0 35.0
0 39.0
0 38.0
0 34.0
0 36.0
0 38.0
0 31.0
0 41.0
0 37.0
0 38.0
0 37.0
0 35.0
0 40.0
0 47.0
0 31.0
0 43.0
0 40.0
0 36.0
0 43.0
0 40.0
0 38.0
0 44.0
0 50.0
0 39.0
0 43.0
0 46.0
0 46.0
0 38.0
0 38.0
0 35.0
0 37.0
0 38.0
0 34.0
0 36.0
0 38.0
0 34.0
0 27.0
0 38.0
0 42.0
0 44.0
0 37.0
0 39.0
0 53.0
0 37.0
0 48.0
0 40.0
0 38.0
0 48.0
0 42.0
0 43.0
0 37.0
0 33.0
0 34.0
0 38.0
0 44.0
0 35.0
0 36.0
0 42.0
0 41.0
0 41.0
0 0
#GCA_000148645.1_crisprs_GCA_000148645.1_CRISPR_0_from_2937980__ml_ 0
0 62.0
0 62.0
0 60.0
0 61.0
0 63.0
0 60.0
0 57.0
0 0
#GCA_000192865.1_crisprs_GCA_000192865.1_CRISPR_0_from_693937__all_ 0
0 53.0
0 49.0
0 50.0
0 48.0
0 53.0
0 48.0
0 49.0
0 52.0
0 48.0
0 52.0
0 52.0
0 58.0
0 48.0
0 54.0
0 44.0
0 49.0
0 55.0
0 47.0
0 56.0
0 51.0
0 53.0
0 55.0
0 43.0
0 49.0
0 58.0
0 52.0
0 55.0
0 50.0
0 50.0
0 44.0
0 54.0
0 52.0
0 43.0
0 53.0
0 49.0
0 43.0
0 47.0
0 42.0
0 52.0
0 50.0
0 51.0
0 45.283018867924525
#GCA_000192865.1_crisprs_GCA_000192865.1_CRISPR_1_from_710346__all_ 0
0 59.0
0 46.0
0 53.0
0 53.0
0 48.0
0 58.16326530612245
#GCA_000192865.1_crisprs_GCA_000192865.1_CRISPR_2_from_3643810__all_ 0
0 50.0
0 53.0
0 45.0
0 61.0
0 51.0
0 46.0
0 49.0
0 48.0
0 46.0
0 48.0
0 41.0
0 50.0
0 45.0
0 50.0
0 43.0
0 55.0
0 47.0
0 58.0
0 43.0
0 49.0
0 45.0
0 54.0
0 45.0
0 45.0
0 49.0
0 45.0
0 47.0
0 46.0
0 47.0
0 43.0
0 45.0
0 0
#GCA_000192865.1_crisprs_GCA_000192865.1_CRISPR_3_from_3896421__all_ 0
0 51.0
0 53.0
0 43.0
0 53.0
0 52.0
0 42.0
0 49.0
0 44.0
0 53.0
0 51.0
0 51.0
0 50.0
0 52.0
0 50.0
0 55.0
0 54.0
0 55.0
0 39.0
0 47.0
0 50.0
0 49.0
0 52.0
0 0
#GCA_000195335.1_crisprs_GCA_000195335.1_CRISPR_0_from_2083555__all_ 0
0 51.0
0 51.0
0 50.0
0 54.0
0 49.0
0 55.0
0 46.0
0 47.0
0 43.0
0 65.0
0 47.0
0 62.0
0 49.0
0 47.0
0 46.0
0 54.0
0 49.0
0 50.0
0 0
#GCA_000195335.1_crisprs_GCA_000195335.1_CRISPR_1_from_274044__all_ 0
0 71.0
0 65.0
0 62.0
0 72.0
0 69.0
0 66.0
0 54.0
0 58.0
0 70.0
0 64.0
0 66.0
0 66.0
0 52.0
0 72.0
0 70.0
0 61.0
0 66.0
0 63.0
0 65.0
0 65.0
0 67.0
0 64.0
0 66.0
0 62.0
0 68.0
0 62.0
0 66.0
0 67.0
0 68.0
0 66.0
0 67.0
0 70.0
0 64.0
0 60.0
0 65.45454545454545
#GCA_000195335.1_crisprs_GCA_000195335.1_CRISPR_2_from_959694__all_ 0
0 65.0
0 63.0
0 62.0
0 57.0
0 73.0
0 66.0
0 70.0
0 57.0
0 61.0
0 61.0
0 67.0
0 63.0
0 67.0
0 67.0
0 67.0
0 63.0
0 66.0
0 65.0
0 69.0
0 66.0
0 59.0
0 54.0
0 61.0
0 65.0
0 70.0
0 65.0
0 65.0
0 60.0
0 59.0
0 63.0
0 69.0
0 63.0
0 69.0
0 57.0
0 0
#GCA_000195335.1_crisprs_GCA_000195335.1_CRISPR_3_from_1465974__all_ 0
0 48.0
0 60.0
0 55.0
0 61.0
0 58.0
0 61.0
0 56.0
0 57.0
0 47.0
0 46.0
0 55.0
0 54.0
0 51.0
0 50.0
0 58.0
0 50.0
0 51.0
0 54.0
0 0
#GCA_000195335.1_crisprs_GCA_000195335.1_CRISPR_4_from_193090__crt_ 0
0 60.0
0 51.64835164835165
#GCA_000211475.1_crisprs_GCA_000211475.1_CRISPR_0_from_1491888__all_ 0
0 46.0
0 45.0
0 45.0
0 52.0
0 36.0
0 50.0
0 32.0
0 54.0
0 49.0
0 49.0
0 48.0
0 45.0
0 37.0
0 44.0
0 36.0
0 49.0
0 34.0
0 49.0
0 45.0
0 44.0
0 35.0
0 40.0
0 47.0
0 44.0
0 38.0
0 46.0
0 44.0
0 49.0
0 40.0
0 38.0
0 36.0
0 36.0
0 32.0
0 36.0
0 39.0
0 43.0
0 48.0
0 44.0
0 47.0
0 35.0
0 42.0
0 40.0
0 51.0
0 30.0
0 43.0
0 35.0
0 45.0
0 37.0
0 38.0
0 33.0
0 40.0
0 40.0
0 40.0
#GCA_000211475.1_crisprs_GCA_000211475.1_CRISPR_1_from_1688112__all_ 0
0 38.0
0 46.0
0 31.0
0 34.0
0 34.0
0 46.0
0 34.0
0 54.0
0 37.0
0 51.0
0 35.0
0 41.0
0 31.0
0 44.0
0 37.0
0 38.0
0 26.0
0 40.0
0 33.0
0 48.0
0 36.0
0 37.0
0 27.0
0 48.0
0 37.0
0 38.0
0 30.0
0 37.0
0 38.0
0 33.0
0 42.0
0 37.0
0 42.0
0 44.0
0 49.0
0 40.0
0 34.0
0 28.0
0 45.0
0 30.0
0 39.0
0 32.0
0 48.0
0 34.0
0 35.0
0 40.0
0 38.0
0 36.0
0 39.0
0 33.0
0 46.0
0 35.0
0 37.0
0 30.0
0 41.0
0 34.0
0 34.0
0 0
#GCA_000212355.1_crisprs_GCA_000212355.1_CRISPR_0_from_619130__ml_ 0
0 63.0
0 60.0
0 66.0
0 63.0
0 44.0
0 0
#GCA_000214665.1_crisprs_GCA_000214665.1_CRISPR_0_from_1526146__all_ 0
0 66.0
0 67.0
0 53.0
0 60.0
0 62.0
0 51.0
0 64.0
0 63.0
0 53.0
0 60.0
0 64.0
0 57.0
0 63.0
0 61.0
0 54.0
0 57.0
0 65.0
0 55.0
0 64.0
0 65.0
0 54.0
0 62.0
0 66.0
0 58.0
0 54.0
0 63.0
0 54.0
0 57.0
0 60.0
0 49.0
0 60.0
0 66.0
0 55.0
0 61.0
0 69.0
0 53.0
0 63.0
0 59.0
0 54.0
0 56.0
0 67.0
0 47.0
0 62.5
#GCA_000214665.1_crisprs_GCA_000214665.1_CRISPR_1_from_3370177__all_ 0
0 64.0
0 61.0
0 59.0
0 69.0
0 65.0
0 66.0
0 49.0
0 66.0
0 53.0
0 65.0
#GCA_000214665.1_crisprs_GCA_000214665.1_CRISPR_2_from_3372471__all_ 0
0 63.0
0 58.0
0 56.0
0 61.0
0 63.0
0 60.0
0 66.0
0 62.0
0 57.142857142857146
#GCA_000214665.1_crisprs_GCA_000214665.1_CRISPR_3_from_3375004__finder_crt_ 0
0 65.0
0 62.0
0 62.0
0 52.0
0 0
#GCA_000221185.1_crisprs_GCA_000221185.1_CRISPR_0_from_131168__all_ 0
0 48.0
0 52.0
0 48.0
0 54.0
0 50.0
0 51.0
0 47.0
0 52.0
0 47.0
0 53.0
0 49.0
0 54.0
0 56.0
0 56.0
0 49.0
0 49.0
0 48.0
0 49.0
0 40.0
0 51.0
0 0
#GCA_000221185.1_crisprs_GCA_000221185.1_CRISPR_1_from_137547__all_ 0
0 45.0
0 51.0
0 50.0
0 55.0
0 49.0
0 57.0
0 51.0
0 48.0
0 48.0
0 43.0
0 48.0
0 57.0
0 51.0
0 57.0
0 54.0
0 49.0
0 41.0
0 60.0
0 46.0
0 40.0
0 48.0
0 55.0
0 51.0
0 50.0
0 47.0
0 58.62068965517241
#GCA_000221185.1_crisprs_GCA_000221185.1_CRISPR_2_from_345768__all_ 0
0 40.0
0 45.0
0 52.0
0 47.0
0 41.0
0 49.0
0 42.0
0 46.875
#GCA_000221185.1_crisprs_GCA_000221185.1_CRISPR_3_from_701929__all_ 0
0 41.0
0 46.0
0 44.0
0 50.0
0 39.0
0 42.0
0 44.0
0 39.0
0 38.0
0 43.0
0 45.0
0 53.0
0 43.0
0 49.0
0 46.0
0 47.0
0 44.0
0 46.753246753246756
#GCA_000221185.1_crisprs_GCA_000221185.1_CRISPR_4_from_1907425__all_ 0
0 46.0
0 47.0
0 41.0
0 49.0
0 49.0
0 50.0
0 42.0
0 44.776119402985074
#GCA_000227745.2_crisprs_GCA_000227745.2_CRISPR_0_from_480145__crt_ml_ 0
0 69.0
0 71.0
0 57.0
0 66.0
0 68.0
0 63.0
0 71.0
0 67.0
0 67.0
0 68.0
0 70.0
0 67.0
0 66.0
0 63.0
0 70.0
0 65.0
0 62.0
0 69.0
0 58.0
0 71.0
0 66.0
0 59.0
0 73.0
0 69.0
0 67.0
0 70.0
0 70.0
0 0
#GCA_000227745.2_crisprs_GCA_000227745.2_CRISPR_1_from_1161625__crt_ml_ 0
0 67.0
0 67.0
0 66.0
0 69.0
0 59.0
0 70.0
0 66.0
0 66.0
0 72.0
0 64.0
0 63.0
0 70.93023255813954
#GCA_000227745.2_crisprs_GCA_000227745.2_CRISPR_2_from_4879408__crt_ 0
0 51.0
0 58.0
0 48.0
0 0
#GCA_000227745.2_crisprs_GCA_000227745.2_CRISPR_3_from_4881006__crt_ml_ 0
0 56.0
0 56.0
0 53.0
0 54.0
0 54.0
0 52.0
0 55.0
0 49.0
0 50.0
0 0
#GCA_000227745.2_crisprs_GCA_000227745.2_CRISPR_4_from_2078060__ml_ 0
0 79.0
0 72.0
0 76.0
0 75.0
0 74.0
0 73.0
0 62.857142857142854
#GCA_000299395.1_crisprs_GCA_000299395.1_CRISPR_0_from_569850__ml_ 0
0 54.0
0 46.0
0 49.0
0 54.0
0 48.0
0 44.0
0 53.0
0 0
#GCA_000299995.1_crisprs_GCA_000299995.1_CRISPR_0_from_3959260__crt_ 0
0 61.0
0 63.0
0 59.0
0 61.0
0 56.0
0 56.0
0 55.76923076923077
#GCA_000307105.1_crisprs_GCA_000307105.1_CRISPR_0_from_1120959__all_ 0
0 42.0
0 30.0
0 41.0
0 37.0
0 38.0
0 39.0
0 42.0
0 42.0
0 45.0
0 46.0
0 47.0
0 40.0
0 35.0
0 32.0
0 35.0
0 33.0
0 31.0
0 38.0
0 43.0
0 50.0
0 29.0
0 37.0
0 33.0
0 39.0
0 34.0
0 39.0
0 34.0
0 33.0
0 37.0
0 40.0
0 36.0
0 35.0
0 36.0
0 43.0
0 41.0
0 41.0
0 35.0
0 33.0
0 32.0
0 34.0
0 39.0
0 40.0
0 38.0
0 39.0
0 36.0
0 0
#GCA_000307105.1_crisprs_GCA_000307105.1_CRISPR_1_from_1127872__finder_crt_ 0
0 38.0
0 33.0
0 35.869565217391305
#GCA_000307105.1_crisprs_GCA_000307105.1_CRISPR_2_from_3489798__all_ 0
0 43.0
0 43.0
0 51.0
0 51.0
0 47.0
0 42.0
0 0
#GCA_000332115.1_crisprs_GCA_000332115.1_CRISPR_0_from_1101250__ml_ 0
0 41.0
0 28.0
0 33.0
0 34.0
0 31.0
0 28.0
#GCA_000332115.1_crisprs_GCA_000332115.1_CRISPR_1_from_1103020__ml_ 0
0 28.0
0 31.0
0 32.0
0 28.0
0 39.0
0 31.0
0 0
#GCA_000348785.1_crisprs_GCA_000348785.1_CRISPR_0_from_2330345__crt_ 0
0 66.0
0 66.66666666666667
#GCA_000348785.1_crisprs_GCA_000348785.1_CRISPR_1_from_985880__ml_ 0
0 75.0
0 68.0
0 75.0
0 68.0
0 74.0
0 75.0
0 69.0
0 68.0
0 75.0
#GCA_000473245.1_crisprs_GCA_000473245.1_CRISPR_0_from_2720828__crt_ 0
0 50.0
0 48.0
0 54.0
0 0
#GCA_000473245.1_crisprs_GCA_000473245.1_CRISPR_1_from_4678458__crt_ 0
0 54.0
0 54.0
0 54.0
0 50.0
0 49.0
0 51.0
0 56.0
0 53.0
0 0
#GCA_000473245.1_crisprs_GCA_000473245.1_CRISPR_2_from_2119200__ml_ 0
0 59.0
0 58.0
0 56.0
0 60.0
0 67.0
0 60.0
0 62.0
0 65.0
0 62.0
0 61.0
0 63.0
0 65.0
0 63.0
0 62.0
0 62.0
0 61.0
0 64.0
0 64.0
0 59.0
0 64.0
0 64.0
0 63.0
0 65.0
0 59.0
0 64.0
0 64.0
0 63.0
0 62.0
0 63.0
0 61.0
0 51.0
0 0
#GCA_000473245.1_crisprs_GCA_000473245.1_CRISPR_3_from_2134210__ml_ 0
0 63.0
0 64.0
0 65.0
0 66.0
0 60.0
0 63.0
0 60.0
0 51.0
0 0
#GCA_000590925.1_crisprs_GCA_000590925.1_CRISPR_0_from_1172920__ml_ 0
0 64.0
0 64.0
0 69.0
0 65.0
0 67.0
0 58.888888888888886
#GCA_000591035.1_crisprs_GCA_000591035.1_CRISPR_0_from_313030__all_ 0
0 48.0
0 56.0
0 52.0
0 41.0
0 55.0
0 41.0
0 48.0
0 57.0
0 52.0
0 55.0
0 55.0
0 51.515151515151516
#GCA_000591035.1_crisprs_GCA_000591035.1_CRISPR_1_from_679471__all_ 0
0 48.0
0 53.0
0 46.0
0 44.0
0 37.0
0 39.0
0 39.0
0 57.0
0 41.0
0 45.0
0 0
#GCA_000591035.1_crisprs_GCA_000591035.1_CRISPR_2_from_737714__all_ 0
0 42.0
0 53.0
0 47.0
0 45.0
0 41.0
0 40.0
0 54.0
0 54.0
0 54.0
0 43.0
0 54.0
0 48.0
0 58.0
0 54.0
0 56.0
0 49.0
0 63.0
0 41.0
0 50.0
0 51.0
0 64.0
0 47.72727272727273
#GCA_000591035.1_crisprs_GCA_000591035.1_CRISPR_3_from_1224281__finder_crt_ 0
0 49.0
0 51.0
0 0
#GCA_000626635.1_crisprs_GCA_000626635.1_CRISPR_0_from_4017666__finder_crt_ 0
0 30.0
0 43.0
0 27.551020408163264
#GCA_000725425.1_crisprs_GCA_000725425.1_CRISPR_0_from_735977__all_ 0
0 31.0
0 33.0
0 34.0
0 43.0
0 37.0
0 38.0
0 33.0
0 38.0
0 34.0
0 42.0
0 43.0
0 43.0
0 39.0
0 34.0
0 41.0
0 30.0
0 31.0
0 43.0
0 34.0
0 42.0
0 35.0
0 40.0
0 37.0
0 44.0
0 37.0
0 31.0
0 29.0
0 41.0
0 36.0
0 41.0
0 37.0
0 36.0
0 34.0
0 41.0
0 0
#GCA_000725425.1_crisprs_GCA_000725425.1_CRISPR_1_from_1003934__all_ 0
0 36.0
0 47.0
0 37.0
0 42.0
0 31.0
0 45.0
0 33.0
0 28.0
0 33.0
0 37.0
0 37.0
0 33.0
0 30.0
0 30.0
0 31.0
0 34.0
0 37.0
0 39.473684210526315
#GCA_000725425.1_crisprs_GCA_000725425.1_CRISPR_2_from_1426423__all_ 0
0 34.0
0 43.0
0 35.0
0 34.0
0 34.0
0 37.0
0 30.0
0 35.0
0 34.0
0 40.0
0 32.0
0 38.0
0 32.0
0 40.0
0 32.0
0 31.0
0 28.0
0 46.0
0 37.0
0 38.0
0 33.68421052631579
#GCA_000830985.1_crisprs_GCA_000830985.1_CRISPR_0_from_3062310__ml_ 0
0 62.0
0 66.0
0 65.0
0 61.0
0 63.0
0 58.75
#GCA_001430865.1_crisprs_GCA_001430865.1_CRISPR_0_from_1748110__ml_ 0
0 36.0
0 34.0
0 33.0
0 32.0
0 32.0
0 34.0
0 34.0
0 35.0
0 0
