#GCA_000227745.2_crisprs_GCA_000227745.2_CRISPR_0_from_480145__crt_ml_ 0
0 69.0
0 71.0
0 57.0
0 66.0
0 68.0
0 63.0
0 71.0
0 67.0
0 67.0
0 68.0
0 70.0
0 67.0
0 66.0
0 63.0
0 70.0
0 65.0
0 62.0
0 69.0
0 58.0
0 71.0
0 66.0
0 59.0
0 73.0
0 69.0
0 67.0
0 70.0
0 70.0
0 0
#GCA_000227745.2_crisprs_GCA_000227745.2_CRISPR_1_from_1161625__crt_ml_ 0
0 67.0
0 67.0
0 66.0
0 69.0
0 59.0
0 70.0
0 66.0
0 66.0
0 72.0
0 64.0
0 63.0
0 70.93023255813954
#GCA_000227745.2_crisprs_GCA_000227745.2_CRISPR_2_from_4879408__crt_ 0
0 51.0
0 58.0
0 48.0
0 0
#GCA_000227745.2_crisprs_GCA_000227745.2_CRISPR_3_from_4881006__crt_ml_ 0
0 56.0
0 56.0
0 53.0
0 54.0
0 54.0
0 52.0
0 55.0
0 49.0
0 50.0
0 0
#GCA_000227745.2_crisprs_GCA_000227745.2_CRISPR_4_from_2078060__ml_ 0
0 79.0
0 72.0
0 76.0
0 75.0
0 74.0
0 73.0
0 62.857142857142854
